NODE COORDINATES
----------------------------------------
NODE        X(M)        Y(M)
1          0.000       0.000
2          2.000       2.000
3          4.000       4.000
4          6.000       6.000
5          8.000       4.000
6         10.000       2.000
7         12.000       0.000
8          6.000       0.000

ELEMENTS
----------------------------------------
EL.  NODE1  NODE2       A(M2)      E(PA)
1        1      2      0.0015      2E+11
2        1      8      0.0015      2E+11
3        2      3      0.0015      2E+11
4        2      8      0.0015      2E+11
5        3      4      0.0015      2E+11
6        3      8      0.0015      2E+11
7        4      5      0.0015      2E+11
8        4      8      0.0015      2E+11
9        5      6      0.0015      2E+11
10       5      8      0.0015      2E+11
11       6      7      0.0015      2E+11
12       6      8      0.0015      2E+11
13       7      8      0.0015      2E+11

PIN SUPPORTS
----------------------------------------
NODE      DX'(M)      DY'(M)  ANGLE(DEG)
1          0.000       0.000        0.00

ROLLER SUPPORTS
----------------------------------------
NODE   DIRECTION       DN(M)  ANGLE(DEG)
7              1       0.000       30.00

FORCES
----------------------------------------
NODE      FX'(N)      FY'(N)  ANGLE(DEG)
2           4000           0        0.00
3           5000           0      -15.00
4           6000           0      -30.00
